# A 43x43 point-line incidence configuration with 290 incidences.
# Appendix A of the paper. Points and lines are numbered 1..43.
# Format: one line per point --- "<point>: <lines through it>".
# No two points share two lines; no two lines share two points.
# All derived quantities (degree profiles, uncovered-pair count) are
# recomputed by verify/verify_cert290.py --- none are asserted here.
 1: 12 27 32 37 38 39
 2:  9 11 29 31 33 36 40
 3:  1  9 13 14 20 25 39
 4: 13 15 16 27 28 40 42
 5:  2  5 22 24 36 39 42
 6: 12 14 15 17 24 33 43
 7:  3 15 18 19 25 32 36
 8:  1 16 23 26 35 36 38
 9:  8 13 17 22 23 31 32
10:  4 14 19 22 26 37 40
11:  3 20 31 34 38 42 43
12:  8 14 27 30 34 36
13:  1  5  8 10 15 29
14:  2  7 10 13 19 33 38
15:  3  5  7 14 23 28 41
16:  3  9 10 12 16 22 30
17:  5  6  9 19 27 35 43
18: 16 17 19 29 34 39 41
19:  2 26 28 29 30 32 43
20:  3 13 24 29 35 37
21: 10 24 25 26 27 31 41
22:  4  7 15 30 31 35 39
23: 22 25 28 33 34 35
24:  3  6  8 21 26 33 39
25: 10 11 14 21 32 35 42
26:  1  6  7 24 32 34 40
27:  5 17 21 25 30 38 40
28: 11 19 20 23 24 30
29:  4 13 21 36 41 43
30:  2  8 12 20 35 40 41
31:  4  6 12 23 25 29 42
32: 10 18 23 39 40 43
33:  2  9 15 21 23 34 37
34:  7  8 11 16 25 37 43
35:  1 18 30 33 37 41 42
36:  6 10 17 20 28 36 37
37:  4  8  9 18 24 28 38
38:  7 18 20 21 22 27 29
39:  2  6 14 16 18 31
40:  5 11 12 13 18 26 34
41:  1  2  3  4 11 17 27
42:  6 11 15 22 38 41
43:  4  5 16 20 32 33
