# 56 canonical representatives of the full classes under S6 x S4
# one class per line, six rainbow tails, each as four digits
0123 1032 2345 3254 4501 5410
0123 1032 2345 3450 4501 5214
0123 1032 2345 3451 4510 5204
0123 1032 2405 3514 4250 5341
0123 1032 2405 3514 4251 5340
0123 1032 2405 3514 4351 5240
0123 1032 2405 3540 4251 5314
0123 1032 2405 3540 4351 5214
0123 1032 2405 3541 4250 5314
0123 1032 2415 3504 4350 5241
0123 1032 2415 3541 4350 5204
0123 1034 2305 3450 4512 5241
0123 1034 2305 3451 4512 5240
0123 1034 2305 3540 4251 5412
0123 1034 2305 3541 4250 5412
0123 1034 2315 3451 4502 5240
0123 1034 2315 3452 4501 5240
0123 1034 2315 3540 4251 5402
0123 1034 2315 3541 4250 5402
0123 1034 2315 3542 4250 5401
0123 1034 2345 3250 4501 5412
0123 1034 2345 3250 4512 5401
0123 1034 2345 3452 4501 5210
0123 1034 2345 3452 4510 5201
0123 1034 2345 3501 4250 5412
0123 1034 2345 3502 4251 5410
0123 1034 2345 3510 4251 5402
0123 1034 2345 3512 4250 5401
0123 1034 2350 3541 4205 5412
0123 1034 2350 3541 4215 5402
0123 1034 2350 3542 4215 5401
0123 1034 2405 3510 4251 5342
0123 1034 2405 3512 4251 5340
0123 1034 2405 3542 4251 5310
0123 1034 2415 3502 4250 5341
0123 1045 2310 3451 4532 5204
0123 1045 2314 3450 4502 5231
0123 1045 2314 3451 4502 5230
0123 1045 2314 3501 4250 5432
0123 1045 2314 3502 4251 5430
0123 1045 2410 3501 4352 5234
0123 1045 2410 3502 4351 5234
0123 1045 2430 3502 4251 5314
0123 1045 2430 3502 4351 5214
0123 1045 2430 3504 4251 5312
0123 1045 2430 3514 4251 5302
0123 1045 2431 3512 4350 5204
0123 1045 2431 3514 4250 5302
0123 1045 2504 3450 4312 5231
0123 1204 2015 3541 4352 5430
0123 1204 2035 3541 4352 5410
0123 1230 2045 3451 4502 5314
0123 1230 2045 3451 4512 5304
0123 1230 2345 3452 4501 5014
0123 1234 2051 3542 4305 5410
0123 1234 2541 3052 4305 5410
