# S=3 seeds=103 tuples=393120 inv=1
103254 234501 325410
103254 234501 345012
103254 234501 345120
103254 234501 450123
103254 234501 450132
103254 234501 451032
103254 234501 541032
103254 234510 345021
103254 234510 351402
103254 234510 450132
103254 234510 540123
103254 240513 351402
103254 240513 351420
103254 240513 354021
103254 240513 354120
103254 240513 534120
103254 240531 351402
103254 240531 351420
103254 240531 354012
103254 240531 354102
103254 240531 354120
103254 240531 435120
103254 240531 534102
103254 241530 350412
103254 241530 354102
103254 241530 520413
103254 241530 524013
103254 241530 534012
103254 245130 351402
103254 245130 530412
103452 230514 345021
103452 230514 345120
103452 230514 354120
103452 230514 425031
103452 230514 425103
103452 230514 425130
103452 230514 451023
103452 230514 451230
103452 231504 345120
103452 231504 345210
103452 231504 354120
103452 231504 354210
103452 231504 425013
103452 231504 425031
103452 231504 425130
103452 231504 450123
103452 231504 450213
103452 231504 450231
103452 231504 524013
103452 231504 540123
103452 231504 540231
103452 234501 325014
103452 234501 350214
103452 234501 425130
103452 234501 450123
103452 234501 451023
103452 234501 451230
103452 234501 541023
103452 234510 325104
103452 234510 351204
103452 234510 425031
103452 234510 451023
103452 234510 520134
103452 234510 540123
103452 235014 354120
103452 235014 451230
103452 235014 540231
103452 235104 420513
103452 235104 450231
103452 241503 350214
103452 241503 354120
103452 241503 425130
103452 245031 350214
103452 245031 351204
103452 245031 531204
103452 245130 350214
120453 201534 345120
120453 201534 354102
120453 203514 345120
120453 203514 345201
120453 203514 354102
120453 203514 451032
120453 203514 451230
120453 234501 305124
120453 234501 305214
120453 234501 451230
120453 234510 345201
120453 234510 351204
120453 234510 503124
120453 234510 541032
120453 234510 543021
120453 345120 453012
120453 345120 534012
120453 345201 453120
120453 354102 435021
120453 354102 435210
123450 204531 350124
123450 205134 340521
123450 205134 341502
123450 205134 430512
123450 235014 341502
123450 245103 430512
123450 305214 541032
